[38;2;000;128;000m                 Device[0m | [1m[38;2;100;149;237mINFO    [0m | Opening user mode device driver
[32m2024-09-10 04:45:29.507[0m | [1m[38;2;100;149;237mINFO    [0m | [36mSiliconDriver  [0m - Detected 1 PCI device : [0]
[38;2;000;128;000m                  Metal[0m | [1m[38;2;100;149;237mINFO    [0m | Initializing device 0. Program cache is NOT enabled
[38;2;000;128;000m                  Metal[0m | [1m[38;2;100;149;237mINFO    [0m | AI CLK for device 0 is:   1202 MHz
[38;2;000;128;000m                  Metal[0m | [1m[38;2;100;149;237mINFO    [0m | DPRINT enabled on device 0, worker core (x=0,y=0) (physical (x=1,y=1)).
[38;2;000;128;000m                  Metal[0m | [1m[38;2;100;149;237mINFO    [0m | DPRINT Server attached device 0
[38;2;000;128;000m                  Verif[0m | [1m[38;2;100;149;237mINFO    [0m | Created a random vector of size 1024
Input tiles tile 0
712 728 292 438 233 704 564 736 736 502 432 796 1004 420 700 592 492 144 402 410 352 640 744 332 448 251 62 708 408 608 752 644 
187 450 180 86 544 728 544 438 648 304 868 504 740 756 624 366 740 426 330 668 370 382 234 240 300 1008 644 784 95 792 444 29 
440 178 506 158 436 79 320 908 436 768 912 708 964 524 512 474 636 580 119 310 324 508 424 696 884 936 256 112 494 506 1008 239 
532 446 624 768 124 492 844 816 616 290 556 444 350 10 312 348 426 704 696 888 896 274 520 468 684 274 600 856 640 276 688 540 
860 180 86 322 780 912 250 185 199 506 584 218 98 532 904 164 640 940 740 1016 17 488 608 318 568 516 163 288 157 780 712 112 
326 524 708 928 568 224 398 372 944 872 860 728 366 402 45 237 312 388 408 560 720 568 1016 5 364 652 780 59 604 45 708 896 
155 300 408 780 247 376 352 892 524 31 680 564 109 246 134 904 330 470 676 198 864 300 564 836 872 572 394 692 324 828 362 888 
176 428 848 61 346 490 564 532 592 592 532 316 3 940 1012 668 924 358 213 552 300 460 532 288 920 302 1004 576 264 732 576 528 
824 360 404 648 748 892 165 172 612 1008 884 358 1004 844 82 67 438 6 210 908 462 932 560 204 96 29 304 836 948 248 580 58 
468 70 768 484 756 520 50 426 724 262 856 390 170 824 796 828 294 700 314 1016 680 414 114 195 680 500 908 512 712 412 450 186 
448 50 780 616 576 272 87 900 596 596 832 488 344 176 948 58 768 161 588 346 768 450 81 700 880 211 840 628 928 944 132 82 
84 496 142 712 408 84 434 888 576 444 126 506 207 508 828 380 478 944 824 860 8 668 564 474 952 576 596 434 211 294 732 270 
388 704 684 852 30 604 648 478 33 688 760 400 484 716 125 988 556 93 69 60 668 600 1016 768 788 524 584 940 105 310 716 504 
676 1000 51 330 808 194 528 312 436 352 804 696 422 56 492 824 186 616 328 668 864 764 192 548 426 112 1012 508 243 177 936 700 
940 540 94 640 474 322 512 502 320 840 49 136 248 125 98 456 244 42 824 308 916 418 45 382 308 348 1004 832 552 540 640 564 
6 120 496 800 1012 444 384 79 100 186 472 532 984 490 350 320 816 102 816 608 214 254 454 616 732 312 420 916 196 596 988 728 
664 700 884 968 26 932 274 53 512 390 69 576 1016 136 242 588 382 330 219 1004 108 588 238 644 308 410 648 760 288 410 370 784 
7 1004 374 172 544 486 166 560 612 446 300 304 644 402 27 856 908 664 17 976 130 488 796 900 47 808 728 272 992 780 892 840 
724 362 980 996 440 688 892 716 364 470 952 72 153 1020 960 652 852 70 864 150 127 856 608 284 17 552 736 83 8 580 87 370 
231 326 896 668 372 364 552 732 580 640 231 988 584 288 676 253 306 80 428 912 464 36 952 502 600 1 968 908 568 348 512 644 
4 338 492 908 948 744 203 97 54 720 416 900 380 552 876 996 28 480 940 41 696 524 924 532 620 592 828 856 344 358 358 932 
398 410 772 398 378 412 248 107 960 476 928 660 356 304 648 912 280 490 211 288 344 428 334 426 900 788 840 752 724 484 980 512 
432 852 251 736 121 520 308 760 149 342 95 552 616 592 372 75 576 696 196 736 692 564 221 516 284 85 756 592 572 644 342 600 
556 740 708 87 932 1004 592 125 239 115 764 516 796 456 206 187 840 430 476 888 796 772 243 140 340 184 976 564 672 576 788 442 
704 368 210 528 482 422 828 31 688 56 7 120 90 640 354 440 964 133 502 380 276 792 368 760 216 70 430 724 224 328 864 1004 
466 161 286 209 952 494 322 488 928 70 45 536 724 840 496 434 454 592 38 768 42 404 340 476 968 808 632 824 378 171 624 788 
211 480 169 944 370 338 884 312 520 496 304 944 972 149 832 696 330 824 992 888 1008 92 418 692 672 624 414 668 264 59 85 394 
270 748 278 139 408 580 190 24 976 18 106 484 640 864 452 908 434 308 380 960 888 600 286 101 22 99 940 576 884 772 284 143 
536 382 112 1012 96 924 856 360 420 500 676 620 964 8 251 65 14 672 25 163 724 928 944 404 478 480 384 624 556 840 876 492 
668 253 239 412 792 210 138 788 170 122 624 1008 245 262 720 406 358 656 284 616 1020 928 42 980 660 564 40 384 776 632 236 338 
92 103 664 56 748 936 692 548 54 211 302 580 462 976 294 254 828 628 135 532 624 56 1008 520 924 3 228 191 1 788 1004 342 
904 288 940 398 426 580 760 576 218 190 402 109 872 756 131 816 912 832 508 1008 436 792 312 800 936 900 528 880 820 420 876 310 

Batch size1
Output tiles tile 0
1 1 1 1 1 1 1 1 1 1 1 1 1 1 1 1 1 1 1 1 1 1 1 1 1 1 1 1 1 1 1 1 
1 1 1 1 1 1 1 1 1 1 1 1 1 1 1 1 1 1 1 1 1 1 1 1 1 1 1 1 1 1 1 1 
1 1 1 1 1 1 1 1 1 1 1 1 1 1 1 1 1 1 1 1 1 1 1 1 1 1 1 1 1 1 1 1 
1 1 1 1 1 1 1 1 1 1 1 1 1 1 1 1 1 1 1 1 1 1 1 1 1 1 1 1 1 1 1 1 
1 1 1 1 1 1 1 1 1 1 1 1 1 1 1 1 1 1 1 1 1 1 1 1 1 1 1 1 1 1 1 1 
1 1 1 1 1 1 1 1 1 1 1 1 1 1 1 1 1 1 1 1 1 1 1 1 1 1 1 1 1 1 1 1 
1 1 1 1 1 1 1 1 1 1 1 1 1 1 1 1 1 1 1 1 1 1 1 1 1 1 1 1 1 1 1 1 
1 1 1 1 1 1 1 1 1 1 1 1 1 1 1 1 1 1 1 1 1 1 1 1 1 1 1 1 1 1 1 1 
1 1 1 1 1 1 1 1 1 1 1 1 1 1 1 1 1 1 1 1 1 1 1 1 1 1 1 1 1 1 1 1 
1 1 1 1 1 1 1 1 1 1 1 1 1 1 1 1 1 1 1 1 1 1 1 1 1 1 1 1 1 1 1 1 
1 1 1 1 1 1 1 1 1 1 1 1 1 1 1 1 1 1 1 1 1 1 1 1 1 1 1 1 1 1 1 1 
1 1 1 1 1 1 1 1 1 1 1 1 1 1 1 1 1 1 1 1 1 1 1 1 1 1 1 1 1 1 1 1 
1 1 1 1 1 1 1 1 1 1 1 1 1 1 1 1 1 1 1 1 1 1 1 1 1 1 1 1 1 1 1 1 
1 1 1 1 1 1 1 1 1 1 1 1 1 1 1 1 1 1 1 1 1 1 1 1 1 1 1 1 1 1 1 1 
1 1 1 1 1 1 1 1 1 1 1 1 1 1 1 1 1 1 1 1 1 1 1 1 1 1 1 1 1 1 1 1 
1 1 1 1 1 1 1 1 1 1 1 1 1 1 1 1 1 1 1 1 1 1 1 1 1 1 1 1 1 1 1 1 
1 1 1 1 1 1 1 1 1 1 1 1 1 1 1 1 1 1 1 1 1 1 1 1 1 1 1 1 1 1 1 1 
1 1 1 1 1 1 1 1 1 1 1 1 1 1 1 1 1 1 1 1 1 1 1 1 1 1 1 1 1 1 1 1 
1 1 1 1 1 1 1 1 1 1 1 1 1 1 1 1 1 1 1 1 1 1 1 1 1 1 1 1 1 1 1 1 
1 1 1 1 1 1 1 1 1 1 1 1 1 1 1 1 1 1 1 1 1 1 1 1 1 1 1 1 1 1 1 1 
1 1 1 1 1 1 1 1 1 1 1 1 1 1 1 1 1 1 1 1 1 1 1 1 1 1 1 1 1 1 1 1 
1 1 1 1 1 1 1 1 1 1 1 1 1 1 1 1 1 1 1 1 1 1 1 1 1 1 1 1 1 1 1 1 
1 1 1 1 1 1 1 1 1 1 1 1 1 1 1 1 1 1 1 1 1 1 1 1 1 1 1 1 1 1 1 1 
1 1 1 1 1 1 1 1 1 1 1 1 1 1 1 1 1 1 1 1 1 1 1 1 1 1 1 1 1 1 1 1 
1 1 1 1 1 1 1 1 1 1 1 1 1 1 1 1 1 1 1 1 1 1 1 1 1 1 1 1 1 1 1 1 
1 1 1 1 1 1 1 1 1 1 1 1 1 1 1 1 1 1 1 1 1 1 1 1 1 1 1 1 1 1 1 1 
1 1 1 1 1 1 1 1 1 1 1 1 1 1 1 1 1 1 1 1 1 1 1 1 1 1 1 1 1 1 1 1 
1 1 1 1 1 1 1 1 1 1 1 1 1 1 1 1 1 1 1 1 1 1 1 1 1 1 1 1 1 1 1 1 
1 1 1 1 1 1 1 1 1 1 1 1 1 1 1 1 1 1 1 1 1 1 1 1 1 1 1 1 1 1 1 1 
1 1 1 1 1 1 1 1 1 1 1 1 1 1 1 1 1 1 1 1 1 1 1 1 1 1 1 1 1 1 1 1 
1 1 1 1 1 1 1 1 1 1 1 1 1 1 1 1 1 1 1 1 1 1 1 1 1 1 1 1 1 1 1 1 
1 1 1 1 1 1 1 1 1 1 1 1 1 1 1 1 1 1 1 1 1 1 1 1 1 1 1 1 1 1 1 1 

[38;2;000;128;000m                  Metal[0m | [1m[38;2;100;149;237mINFO    [0m | Closing device 0
[38;2;000;128;000m                  Metal[0m | [1m[38;2;100;149;237mINFO    [0m | DPRINT Server dettached device 0
[38;2;000;128;000m                  Metal[0m | [1m[38;2;100;149;237mINFO    [0m | Disabling and clearing program cache on device 0
[38;2;000;128;000m                   Test[0m | [1m[38;2;100;149;237mINFO    [0m | Test Passed
[38;2;000;128;000m                 Device[0m | [1m[38;2;100;149;237mINFO    [0m | Closing user mode device drivers
